                                                                                                                                                                                                                                                                



                        1                         2                         3                         4                         5                         6                         7
                        l                      n_pg                       n_p                       n_g                  Re(freq)                  Im(freq)                    E_norm
                        0                         5                         5                         0   0.1008891465075604E+004   0.0000000000000000E+000   0.5221518162554058E-004
                        0                         6                         6                         0   0.1193463457012412E+004   0.0000000000000000E+000   0.2050383824198995E-004
                        0                         7                         7                         0   0.1374107107951998E+004   0.0000000000000000E+000   0.8879053848674588E-005
                        0                         8                         8                         0   0.1554899235626102E+004   0.0000000000000000E+000   0.3970258830761418E-005
                        0                         9                         9                         0   0.1733817021984828E+004   0.0000000000000000E+000   0.1848355546213637E-005
                        0                        10                        10                         0   0.1910288680216129E+004   0.0000000000000000E+000   0.8525487742299715E-006
                        0                        11                        11                         0   0.2084338136266069E+004   0.0000000000000000E+000   0.4055762102886114E-006
                        0                        12                        12                         0   0.2254262578337651E+004   0.0000000000000000E+000   0.2064207062459742E-006
                        0                        13                        13                         0   0.2422500949951390E+004   0.0000000000000000E+000   0.1152977974668013E-006
                        0                        14                        14                         0   0.2590054229837584E+004   0.0000000000000000E+000   0.7127199593906421E-007
                        0                        15                        15                         0   0.2757690566449849E+004   0.0000000000000000E+000   0.4621013860527343E-007
                        0                        16                        16                         0   0.2925512187980802E+004   0.0000000000000000E+000   0.3078577072621345E-007
                        0                        17                        17                         0   0.3091794376062179E+004   0.0000000000000000E+000   0.2122353439001161E-007
                        0                        18                        18                         0   0.3257205048513433E+004   0.0000000000000000E+000   0.1547324554528899E-007
                        0                        19                        19                         0   0.3422489117867263E+004   0.0000000000000000E+000   0.1216638930502363E-007
                        0                        20                        20                         0   0.3588191807448159E+004   0.0000000000000000E+000   0.1005997308613057E-007
                        0                        21                        21                         0   0.3754863298271341E+004   0.0000000000000000E+000   0.8578326309524663E-008
                        0                        22                        22                         0   0.3921665969296334E+004   0.0000000000000000E+000   0.7470706674340833E-008
                        0                        23                        23                         0   0.4088625154054193E+004   0.0000000000000000E+000   0.6611817755590073E-008
                        0                        24                        24                         0   0.4255723910105563E+004   0.0000000000000000E+000   0.6017506856197947E-008
                        0                        25                        25                         0   0.4422916235191955E+004   0.0000000000000000E+000   0.5613065861315252E-008
                        0                        26                        26                         0   0.4590763073538231E+004   0.0000000000000000E+000   0.5342037319328690E-008
                        0                        27                        27                         0   0.4758902863728291E+004   0.0000000000000000E+000   0.5157589656004811E-008
                        0                        28                        28                         0   0.4927350584121500E+004   0.0000000000000000E+000   0.5009659238877886E-008
                        0                        29                        29                         0   0.5096048766545541E+004   0.0000000000000000E+000   0.4922227328304579E-008
                        0                        30                        30                         0   0.5264811476989423E+004   0.0000000000000000E+000   0.4877949776603099E-008
                        0                        31                        31                         0   0.5433907835965443E+004   0.0000000000000000E+000   0.4869001981631229E-008
                        0                        32                        32                         0   0.5602999934941878E+004   0.0000000000000000E+000   0.4897421969223464E-008
                        0                        33                        33                         0   0.5772112702257127E+004   0.0000000000000000E+000   0.4952413923016163E-008
                        0                        34                        34                         0   0.5941231444976434E+004   0.0000000000000000E+000   0.5064436520746233E-008
                        0                        35                        35                         0   0.6110143485933912E+004   0.0000000000000000E+000   0.5229945316229831E-008
                        0                        36                        36                         0   0.6278844806576797E+004   0.0000000000000000E+000   0.5472330947019160E-008
                        0                        37                        37                         0   0.6446629260553997E+004   0.0000000000000000E+000   0.5873304581044698E-008
                        1                         5                         4                         0   0.1097264172584818E+004   0.0000000000000000E+000   0.3368540851101694E-004
                        1                         6                         5                         0   0.1278294777176420E+004   0.0000000000000000E+000   0.1369199663836059E-004
                        1                         7                         6                         0   0.1458829420114714E+004   0.0000000000000000E+000   0.6118721549794426E-005
                        1                         8                         7                         0   0.1637374956542765E+004   0.0000000000000000E+000   0.2795587190994203E-005
                        1                         9                         8                         0   0.1815750575163104E+004   0.0000000000000000E+000   0.1289004612280886E-005
                        1                        10                         9                         0   0.1990646414185900E+004   0.0000000000000000E+000   0.6056123595360021E-006
                        1                        11                        10                         0   0.2162779632509500E+004   0.0000000000000000E+000   0.2930268334081085E-006
                        1                        12                        11                         0   0.2332047517303365E+004   0.0000000000000000E+000   0.1559576720303111E-006
                        1                        13                        12                         0   0.2499515642314155E+004   0.0000000000000000E+000   0.9149144193657925E-007
                        1                        14                        13                         0   0.2667575127527046E+004   0.0000000000000000E+000   0.5792112094376445E-007
                        1                        15                        14                         0   0.2835416721989061E+004   0.0000000000000000E+000   0.3824942377876103E-007
                        1                        16                        15                         0   0.3002709857495176E+004   0.0000000000000000E+000   0.2569319543281646E-007
                        1                        17                        16                         0   0.3168868820326738E+004   0.0000000000000000E+000   0.1815279860365567E-007
                        1                        18                        17                         0   0.3334003795209700E+004   0.0000000000000000E+000   0.1372210061821200E-007
                        1                        19                        18                         0   0.3499734509465977E+004   0.0000000000000000E+000   0.1105087846455253E-007
                        1                        20                        19                         0   0.3666022334590622E+004   0.0000000000000000E+000   0.9318321571143893E-008
                        1                        21                        20                         0   0.3832843589512661E+004   0.0000000000000000E+000   0.8009140265857621E-008
                        1                        22                        21                         0   0.4000031123970768E+004   0.0000000000000000E+000   0.7028133989948226E-008
                        1                        23                        22                         0   0.4167030260865941E+004   0.0000000000000000E+000   0.6304137010672869E-008
                        1                        24                        23                         0   0.4334352532388644E+004   0.0000000000000000E+000   0.5794512384695612E-008
                        1                        25                        24                         0   0.4501977361121060E+004   0.0000000000000000E+000   0.5473335683383650E-008
                        1                        26                        25                         0   0.4670021442304060E+004   0.0000000000000000E+000   0.5240203435445761E-008
                        1                        27                        26                         0   0.4838563788460600E+004   0.0000000000000000E+000   0.5075909028930461E-008
                        1                        28                        27                         0   0.5007157482187298E+004   0.0000000000000000E+000   0.4961062039460250E-008
                        1                        29                        28                         0   0.5176048445796978E+004   0.0000000000000000E+000   0.4888498639799462E-008
                        1                        30                        29                         0   0.5345101448370093E+004   0.0000000000000000E+000   0.4870253074446419E-008
                        1                        31                        30                         0   0.5514257965821354E+004   0.0000000000000000E+000   0.4873085118902275E-008
                        1                        32                        31                         0   0.5683556786137531E+004   0.0000000000000000E+000   0.4913888806963549E-008
                        1                        33                        32                         0   0.5852704226775553E+004   0.0000000000000000E+000   0.4998544347244847E-008
                        1                        34                        33                         0   0.6021872978059480E+004   0.0000000000000000E+000   0.5129864185297913E-008
                        1                        35                        34                         0   0.6190821969709257E+004   0.0000000000000000E+000   0.5334988897392775E-008
                        1                        36                        35                         0   0.6359230777200161E+004   0.0000000000000000E+000   0.5632220629145657E-008
                        1                        37                        36                         0   0.6526216989988911E+004   0.0000000000000000E+000   0.6189946254059847E-008
                        2                         5                         5                         0   0.1173760362429269E+004   0.0000000000000000E+000   0.2278423597230582E-004
                        2                         6                         6                         0   0.1353497707967596E+004   0.0000000000000000E+000   0.9756201452640017E-005
                        2                         7                         7                         0   0.1534042849515035E+004   0.0000000000000000E+000   0.4364292543243577E-005
                        2                         8                         8                         0   0.1712482300717202E+004   0.0000000000000000E+000   0.2029500654707124E-005
                        2                         9                         9                         0   0.1889434412537830E+004   0.0000000000000000E+000   0.9323600068057277E-006
                        2                        10                        10                         0   0.2063847957916966E+004   0.0000000000000000E+000   0.4422401418168791E-006
                        2                        11                        11                         0   0.2234341908789742E+004   0.0000000000000000E+000   0.2218888275624563E-006
                        2                        12                        12                         0   0.2403163025284781E+004   0.0000000000000000E+000   0.1224163512571581E-006
                        2                        13                        13                         0   0.2570946460114930E+004   0.0000000000000000E+000   0.7489504720269984E-007
                        2                        14                        14                         0   0.2739078477600720E+004   0.0000000000000000E+000   0.4824213503050269E-007
                        2                        15                        15                         0   0.2907383977507953E+004   0.0000000000000000E+000   0.3207444742018022E-007
                        2                        16                        16                         0   0.3074227951576286E+004   0.0000000000000000E+000   0.2195690349887414E-007
                        2                        17                        17                         0   0.3240235686406727E+004   0.0000000000000000E+000   0.1588446014399931E-007
                        2                        18                        18                         0   0.3405863395487801E+004   0.0000000000000000E+000   0.1240236548720668E-007
                        2                        19                        19                         0   0.3571966322667132E+004   0.0000000000000000E+000   0.1019949082612025E-007
                        2                        20                        20                         0   0.3739012925321898E+004   0.0000000000000000E+000   0.8682493185152096E-008
                        2                        21                        21                         0   0.3906179847670865E+004   0.0000000000000000E+000   0.7542408756346088E-008
                        2                        22                        22                         0   0.4073584636386555E+004   0.0000000000000000E+000   0.6660749623768403E-008
                        2                        23                        23                         0   0.4241027908113490E+004   0.0000000000000000E+000   0.6048821704716849E-008
                        2                        24                        24                         0   0.4408581357908847E+004   0.0000000000000000E+000   0.5626737007826082E-008
                        2                        25                        25                         0   0.4576764342067740E+004   0.0000000000000000E+000   0.5350160449384974E-008
                        2                        26                        26                         0   0.4745207113694699E+004   0.0000000000000000E+000   0.5159504700326383E-008
                        2                        27                        27                         0   0.4914011245245736E+004   0.0000000000000000E+000   0.5007942296305916E-008
                        2                        28                        28                         0   0.5083009851239135E+004   0.0000000000000000E+000   0.4918213020183630E-008
                        2                        29                        29                         0   0.5252086710939825E+004   0.0000000000000000E+000   0.4869392977464487E-008
                        2                        30                        30                         0   0.5421489928419617E+004   0.0000000000000000E+000   0.4860229914134008E-008
                        2                        31                        31                         0   0.5590863662153145E+004   0.0000000000000000E+000   0.4885691321966009E-008
                        2                        32                        32                         0   0.5760285446223465E+004   0.0000000000000000E+000   0.4937865851306907E-008
                        2                        33                        33                         0   0.5929673024988269E+004   0.0000000000000000E+000   0.5047476235924228E-008
                        2                        34                        34                         0   0.6098868504550151E+004   0.0000000000000000E+000   0.5207940888114082E-008
                        2                        35                        35                         0   0.6267861517796875E+004   0.0000000000000000E+000   0.5445769777922801E-008
                        2                        36                        36                         0   0.6435964403301610E+004   0.0000000000000000E+000   0.5831803311459507E-008
                        2                        37                        37                         0   0.6599621125044257E+004   0.0000000000000000E+000   0.6943851826688357E-008
                        3                         4                         4                         0   0.1057259993299835E+004   0.0000000000000000E+000   0.4074866189994522E-004
                        3                         5                         5                         0   0.1240713414466370E+004   0.0000000000000000E+000   0.1627012638620625E-004
                        3                         6                         6                         0   0.1421442165676320E+004   0.0000000000000000E+000   0.7201380652857251E-005
                        3                         7                         7                         0   0.1601342783448908E+004   0.0000000000000000E+000   0.3244537271477436E-005
                        3                         8                         8                         0   0.1780556628273920E+004   0.0000000000000000E+000   0.1502020697000412E-005
                        3                         9                         9                         0   0.1956526076628198E+004   0.0000000000000000E+000   0.6975550757166808E-006
                        3                        10                        10                         0   0.2130223119847768E+004   0.0000000000000000E+000   0.3333307348939133E-006
                        3                        11                        11                         0   0.2300319553951392E+004   0.0000000000000000E+000   0.1738453827436520E-006
                        3                        12                        12                         0   0.2468728288693550E+004   0.0000000000000000E+000   0.9963844034741478E-007
                        3                        13                        13                         0   0.2637375466314552E+004   0.0000000000000000E+000   0.6246429170365849E-007
                        3                        14                        14                         0   0.2805819056315866E+004   0.0000000000000000E+000   0.4091024977714158E-007
                        3                        15                        15                         0   0.2974150673597808E+004   0.0000000000000000E+000   0.2731018980678469E-007
                        3                        16                        16                         0   0.3141082574129925E+004   0.0000000000000000E+000   0.1909717409094203E-007
                        3                        17                        17                         0   0.3306988449701731E+004   0.0000000000000000E+000   0.1422245373577661E-007
                        3                        18                        18                         0   0.3473330214345633E+004   0.0000000000000000E+000   0.1135655519748040E-007
                        3                        19                        19                         0   0.3640095883888244E+004   0.0000000000000000E+000   0.9514762030219824E-008
                        3                        20                        20                         0   0.3807607040014939E+004   0.0000000000000000E+000   0.8148615377279293E-008
                        3                        21                        21                         0   0.3975377672645631E+004   0.0000000000000000E+000   0.7133967103554225E-008
                        3                        22                        22                         0   0.4142999435749601E+004   0.0000000000000000E+000   0.6367604455406005E-008
                        3                        23                        23                         0   0.4310928194309742E+004   0.0000000000000000E+000   0.5833881430578060E-008
                        3                        24                        24                         0   0.4479020035504635E+004   0.0000000000000000E+000   0.5492321116513458E-008
                        3                        25                        25                         0   0.4647620182543890E+004   0.0000000000000000E+000   0.5247748784871524E-008
                        3                        26                        26                         0   0.4816649038183324E+004   0.0000000000000000E+000   0.5080995043015896E-008
                        3                        27                        27                         0   0.4985743490334906E+004   0.0000000000000000E+000   0.4956940688985126E-008
                        3                        28                        28                         0   0.5155146147369689E+004   0.0000000000000000E+000   0.4880637163767006E-008
                        3                        29                        29                         0   0.5324629765108803E+004   0.0000000000000000E+000   0.4857513471607484E-008
                        3                        30                        30                         0   0.5494278151692804E+004   0.0000000000000000E+000   0.4856354150321109E-008
                        3                        31                        31                         0   0.5664019013572504E+004   0.0000000000000000E+000   0.4895908682272306E-008
                        3                        32                        32                         0   0.5833606529538069E+004   0.0000000000000000E+000   0.4973277301450146E-008
                        3                        33                        33                         0   0.6003226829537747E+004   0.0000000000000000E+000   0.5100116775544419E-008
                        3                        34                        34                         0   0.6172589652651710E+004   0.0000000000000000E+000   0.5296962339777722E-008
                        3                        35                        35                         0   0.6341487887602911E+004   0.0000000000000000E+000   0.5579146214965390E-008
                        3                        36                        36                         0   0.6509110975791549E+004   0.0000000000000000E+000   0.6093482777294545E-008
