                                                                                                                                                                                                                                                                



                        1                         2                         3                         4                         5                         6                         7
                        l                      n_pg                       n_p                       n_g                  Re(freq)                  Im(freq)                    E_norm
                        0                         7                         7                         0   0.1122198181726012E+004   0.0000000000000000E+000   0.4592618781368948E-005
                        0                         8                         8                         0   0.1268876011327291E+004   0.0000000000000000E+000   0.2021697774760405E-005
                        0                         9                         9                         0   0.1413425111301871E+004   0.0000000000000000E+000   0.9067812933085497E-006
                        0                        10                        10                         0   0.1556289537273268E+004   0.0000000000000000E+000   0.4042518760215312E-006
                        0                        11                        11                         0   0.1695541580213622E+004   0.0000000000000000E+000   0.1931430323213373E-006
                        0                        12                        12                         0   0.1831946331030668E+004   0.0000000000000000E+000   0.1029746482345660E-006
                        0                        13                        13                         0   0.1968185685676113E+004   0.0000000000000000E+000   0.6287851129344962E-007
                        0                        14                        14                         0   0.2104674304074258E+004   0.0000000000000000E+000   0.4130276115777844E-007
                        0                        15                        15                         0   0.2241680994072220E+004   0.0000000000000000E+000   0.2762801168358205E-007
                        0                        16                        16                         0   0.2377465312328319E+004   0.0000000000000000E+000   0.1920916978335040E-007
                        0                        17                        17                         0   0.2512126532560571E+004   0.0000000000000000E+000   0.1428565866930647E-007
                        0                        18                        18                         0   0.2647127443664363E+004   0.0000000000000000E+000   0.1162626608122658E-007
                        0                        19                        19                         0   0.2782781954280743E+004   0.0000000000000000E+000   0.1002080142724394E-007
                        0                        20                        20                         0   0.2919518975976682E+004   0.0000000000000000E+000   0.8817774680992540E-008
                        0                        21                        21                         0   0.3056425708362402E+004   0.0000000000000000E+000   0.7883983959009511E-008
                        0                        22                        22                         0   0.3193289287426775E+004   0.0000000000000000E+000   0.7157620265896689E-008
                        0                        23                        23                         0   0.3330414029747068E+004   0.0000000000000000E+000   0.6702035741450670E-008
                        0                        24                        24                         0   0.3467694412978956E+004   0.0000000000000000E+000   0.6429014764574393E-008
                        0                        25                        25                         0   0.3605576613138993E+004   0.0000000000000000E+000   0.6266611024788296E-008
                        0                        26                        26                         0   0.3743674968768832E+004   0.0000000000000000E+000   0.6190541320091966E-008
                        0                        27                        27                         0   0.3882027448027652E+004   0.0000000000000000E+000   0.6144984033348199E-008
                        0                        28                        28                         0   0.4020601060855514E+004   0.0000000000000000E+000   0.6164882775309402E-008
                        0                        29                        29                         0   0.4159138681193998E+004   0.0000000000000000E+000   0.6224849152892159E-008
                        0                        30                        30                         0   0.4297862569863737E+004   0.0000000000000000E+000   0.6341754143447186E-008
                        0                        31                        31                         0   0.4436465408286604E+004   0.0000000000000000E+000   0.6534684254580588E-008
                        0                        32                        32                         0   0.4575006702943948E+004   0.0000000000000000E+000   0.6797055272985337E-008
                        0                        33                        33                         0   0.4713222487687847E+004   0.0000000000000000E+000   0.7206259441272271E-008
                        0                        34                        34                         0   0.4850423691951401E+004   0.0000000000000000E+000   0.7905610686195623E-008
                        0                        35                        35                         0   0.4984379425610898E+004   0.0000000000000000E+000   0.9840346646778032E-008
                        0                        36                        36                         0   0.5119970314310011E+004   0.0000000000000000E+000   0.1254711602419480E-007
                        0                        37                        37                         0   0.5253838350848791E+004   0.0000000000000000E+000   0.1909590892308915E-007
                        0                        38                        38                         0   0.5385100229676981E+004   0.0000000000000000E+000   0.4483001702650268E-007
                        0                        39                        39                         0   0.5513122229678672E+004   0.0000000000000000E+000   0.6808255814167823E-006
                        0                        40                        40                         0   0.5638663718012041E+004   0.0000000000000000E+000   0.1155240084585186E-006
                        0                        41                        41                         0   0.5764120285543227E+004   0.0000000000000000E+000   0.2219837112424454E-007
                        0                        42                        42                         0   0.5892112291697118E+004   0.0000000000000000E+000   0.1156167623444200E-007
                        0                        43                        43                         0   0.6023385511012008E+004   0.0000000000000000E+000   0.8704849929461855E-008
                        0                        44                        44                         0   0.6157292023924927E+004   0.0000000000000000E+000   0.7725928796863385E-008
                        0                        45                        45                         0   0.6293117079920205E+004   0.0000000000000000E+000   0.7423746746637619E-008
                        0                        46                        46                         0   0.6430135841366017E+004   0.0000000000000000E+000   0.7437905518980362E-008
                        0                        47                        47                         0   0.6567972866533481E+004   0.0000000000000000E+000   0.7617984658355555E-008
                        0                        48                        48                         0   0.6706351505465907E+004   0.0000000000000000E+000   0.7939022958855477E-008
                        0                        49                        49                         0   0.6845035119422021E+004   0.0000000000000000E+000   0.8370328274494430E-008
                        0                        50                        50                         0   0.6983978609007777E+004   0.0000000000000000E+000   0.8923263677277080E-008
                        0                        51                        51                         0   0.7122994342240740E+004   0.0000000000000000E+000   0.9635306639894363E-008
                        0                        52                        52                         0   0.7262065774641740E+004   0.0000000000000000E+000   0.1053446075602128E-007
                        0                        53                        53                         0   0.7401102318625672E+004   0.0000000000000000E+000   0.1172184339632029E-007
                        0                        54                        54                         0   0.7540024861472796E+004   0.0000000000000000E+000   0.1331960147479411E-007
                        0                        55                        55                         0   0.7678831347609147E+004   0.0000000000000000E+000   0.1555611158836451E-007
                        0                        56                        56                         0   0.7817401181321125E+004   0.0000000000000000E+000   0.1886619642295300E-007
                        0                        57                        57                         0   0.7955734441254756E+004   0.0000000000000000E+000   0.2410169618040772E-007
                        0                        58                        58                         0   0.8093745358193148E+004   0.0000000000000000E+000   0.3324733712537682E-007
                        0                        59                        59                         0   0.8231387830500185E+004   0.0000000000000000E+000   0.5169695746292811E-007
                        0                        60                        60                         0   0.8368652859370381E+004   0.0000000000000000E+000   0.9921476216394582E-007
                        1                         6                         5                         0   0.1045092227354238E+004   0.0000000000000000E+000   0.7163511504908297E-005
                        1                         7                         6                         0   0.1190832086741744E+004   0.0000000000000000E+000   0.3150250291951609E-005
                        1                         8                         7                         0   0.1336124872286815E+004   0.0000000000000000E+000   0.1389216899194069E-005
                        1                         9                         8                         0   0.1480252390198211E+004   0.0000000000000000E+000   0.6232860023972362E-006
                        1                        10                         9                         0   0.1621021261646158E+004   0.0000000000000000E+000   0.2840308982306216E-006
                        1                        11                        10                         0   0.1759206935396827E+004   0.0000000000000000E+000   0.1413051717668871E-006
                        1                        12                        11                         0   0.1895085124642319E+004   0.0000000000000000E+000   0.8099280056765733E-007
                        1                        13                        12                         0   0.2031567658307425E+004   0.0000000000000000E+000   0.5125501670628133E-007
                        1                        14                        13                         0   0.2168737475731284E+004   0.0000000000000000E+000   0.3419101063000539E-007
                        1                        15                        14                         0   0.2305181834982526E+004   0.0000000000000000E+000   0.2313684871506962E-007
                        1                        16                        15                         0   0.2440729835577477E+004   0.0000000000000000E+000   0.1649658271625267E-007
                        1                        17                        16                         0   0.2575379239474779E+004   0.0000000000000000E+000   0.1285450690492943E-007
                        1                        18                        17                         0   0.2710797369539922E+004   0.0000000000000000E+000   0.1075987445486093E-007
                        1                        19                        18                         0   0.2847247717854454E+004   0.0000000000000000E+000   0.9420858965050829E-008
                        1                        20                        19                         0   0.2984105712724835E+004   0.0000000000000000E+000   0.8338788816872109E-008
                        1                        21                        20                         0   0.3121292153597456E+004   0.0000000000000000E+000   0.7496687716897406E-008
                        1                        22                        21                         0   0.3258263479495873E+004   0.0000000000000000E+000   0.6914899018942057E-008
                        1                        23                        22                         0   0.3395591558402450E+004   0.0000000000000000E+000   0.6539629024195718E-008
                        1                        24                        23                         0   0.3533311667825551E+004   0.0000000000000000E+000   0.6343184143620850E-008
                        1                        25                        24                         0   0.3671319510475866E+004   0.0000000000000000E+000   0.6215352616693126E-008
                        1                        26                        25                         0   0.3809758490894888E+004   0.0000000000000000E+000   0.6157935091774713E-008
                        1                        27                        26                         0   0.3948218361372690E+004   0.0000000000000000E+000   0.6149431816959089E-008
                        1                        28                        27                         0   0.4086920392923466E+004   0.0000000000000000E+000   0.6177483549906242E-008
                        1                        29                        28                         0   0.4225631770105027E+004   0.0000000000000000E+000   0.6276343148766158E-008
                        1                        30                        29                         0   0.4364338082650632E+004   0.0000000000000000E+000   0.6419713425898449E-008
                        1                        31                        30                         0   0.4503076019276086E+004   0.0000000000000000E+000   0.6645895690955923E-008
                        1                        32                        31                         0   0.4641492246872435E+004   0.0000000000000000E+000   0.6970969467758996E-008
                        1                        33                        32                         0   0.4779480282646629E+004   0.0000000000000000E+000   0.7475460708043020E-008
                        1                        34                        33                         0   0.4915022909055445E+004   0.0000000000000000E+000   0.8673138362456732E-008
                        1                        35                        34                         0   0.5049906006142394E+004   0.0000000000000000E+000   0.1089629129451605E-007
                        1                        36                        35                         0   0.5184852396117878E+004   0.0000000000000000E+000   0.1488996029693227E-007
                        1                        37                        36                         0   0.5317562052281648E+004   0.0000000000000000E+000   0.2649225624271749E-007
                        1                        38                        37                         0   0.5447366500417563E+004   0.0000000000000000E+000   0.1008742229246191E-006
                        1                        39                        38                         0   0.5574011596507438E+004   0.0000000000000000E+000   0.1685526746002518E-005
                        1                        40                        39                         0   0.5699146851174587E+004   0.0000000000000000E+000   0.4194218333763277E-007
                        1                        41                        40                         0   0.5825682373537997E+004   0.0000000000000000E+000   0.1513414230573998E-007
                        1                        42                        41                         0   0.5955287017220303E+004   0.0000000000000000E+000   0.9784280003022741E-008
                        1                        43                        42                         0   0.6087997497579407E+004   0.0000000000000000E+000   0.8097641050618853E-008
                        1                        44                        43                         0   0.6222971721911238E+004   0.0000000000000000E+000   0.7528862627026512E-008
                        1                        45                        44                         0   0.6359455650084287E+004   0.0000000000000000E+000   0.7398064165339814E-008
                        1                        46                        45                         0   0.6496983225423493E+004   0.0000000000000000E+000   0.7504969211444975E-008
                        1                        47                        46                         0   0.6635113699446933E+004   0.0000000000000000E+000   0.7759067340839930E-008
                        1                        48                        47                         0   0.6773714859016850E+004   0.0000000000000000E+000   0.8125235957520916E-008
                        1                        49                        48                         0   0.6912568661364023E+004   0.0000000000000000E+000   0.8622506417487007E-008
                        1                        50                        49                         0   0.7051579125292889E+004   0.0000000000000000E+000   0.9244150717888333E-008
                        1                        51                        50                         0   0.7190688281141467E+004   0.0000000000000000E+000   0.1004104626991119E-007
                        1                        52                        51                         0   0.7329755487791186E+004   0.0000000000000000E+000   0.1107221372249565E-007
                        1                        53                        52                         0   0.7468796496757101E+004   0.0000000000000000E+000   0.1242885070367801E-007
                        1                        54                        53                         0   0.7607689751560018E+004   0.0000000000000000E+000   0.1430254726581736E-007
                        1                        55                        54                         0   0.7746412429525065E+004   0.0000000000000000E+000   0.1698761344304547E-007
                        1                        56                        55                         0   0.7884914266191816E+004   0.0000000000000000E+000   0.2108588975231844E-007
                        1                        57                        56                         0   0.8023105695712559E+004   0.0000000000000000E+000   0.2786299808360717E-007
                        1                        58                        57                         0   0.8160986323670380E+004   0.0000000000000000E+000   0.4046074222765028E-007
                        1                        59                        58                         0   0.8298464918373840E+004   0.0000000000000000E+000   0.6859032767963572E-007
                        1                        60                        59                         0   0.8435548499333856E+004   0.0000000000000000E+000   0.1564015362278660E-006
                        2                         6                         6                         0   0.1109072794355013E+004   0.0000000000000000E+000   0.4949568824978165E-005
                        2                         7                         7                         0   0.1255407024817978E+004   0.0000000000000000E+000   0.2187965878064839E-005
                        2                         8                         8                         0   0.1399731665860138E+004   0.0000000000000000E+000   0.9794146408197683E-006
                        2                         9                         9                         0   0.1542799991915795E+004   0.0000000000000000E+000   0.4365232404298464E-006
                        2                        10                        10                         0   0.1682185606021750E+004   0.0000000000000000E+000   0.2066998030829321E-006
                        2                        11                        11                         0   0.1818925901792205E+004   0.0000000000000000E+000   0.1085131951521442E-006
                        2                        12                        12                         0   0.1955185296355073E+004   0.0000000000000000E+000   0.6562388072360325E-007
                        2                        13                        13                         0   0.2091778352559987E+004   0.0000000000000000E+000   0.4281737652630544E-007
                        2                        14                        14                         0   0.2229101912891700E+004   0.0000000000000000E+000   0.2860189263412671E-007
                        2                        15                        15                         0   0.2365187560838566E+004   0.0000000000000000E+000   0.1977383378881579E-007
                        2                        16                        16                         0   0.2500232531410615E+004   0.0000000000000000E+000   0.1457277096234985E-007
                        2                        17                        17                         0   0.2635424765805918E+004   0.0000000000000000E+000   0.1178371301645900E-007
                        2                        18                        18                         0   0.2771273204023627E+004   0.0000000000000000E+000   0.1010911511346710E-007
                        2                        19                        19                         0   0.2908282639596616E+004   0.0000000000000000E+000   0.8888814007135144E-008
                        2                        20                        20                         0   0.3045435354761995E+004   0.0000000000000000E+000   0.7934946546672431E-008
                        2                        21                        21                         0   0.3182626420436282E+004   0.0000000000000000E+000   0.7187493701642035E-008
                        2                        22                        22                         0   0.3319998349386159E+004   0.0000000000000000E+000   0.6717741514828838E-008
                        2                        23                        23                         0   0.3457530351583873E+004   0.0000000000000000E+000   0.6429752737733213E-008
                        2                        24                        24                         0   0.3595670512007288E+004   0.0000000000000000E+000   0.6264551619318875E-008
                        2                        25                        25                         0   0.3733991340731791E+004   0.0000000000000000E+000   0.6182922278125013E-008
                        2                        26                        26                         0   0.3872609812058874E+004   0.0000000000000000E+000   0.6134553336609988E-008
                        2                        27                        27                         0   0.4011403603919150E+004   0.0000000000000000E+000   0.6153216210930921E-008
                        2                        28                        28                         0   0.4150180674716716E+004   0.0000000000000000E+000   0.6207869598844648E-008
                        2                        29                        29                         0   0.4289132737617813E+004   0.0000000000000000E+000   0.6323689487231374E-008
                        2                        30                        30                         0   0.4427945161269378E+004   0.0000000000000000E+000   0.6511322370976402E-008
                        2                        31                        31                         0   0.4566720875571908E+004   0.0000000000000000E+000   0.6768495087295745E-008
                        2                        32                        32                         0   0.4705152216920428E+004   0.0000000000000000E+000   0.7168301488131078E-008
                        2                        33                        33                         0   0.4842647086122211E+004   0.0000000000000000E+000   0.7837987158259435E-008
                        2                        34                        34                         0   0.4976771780994666E+004   0.0000000000000000E+000   0.9726750061848814E-008
                        2                        35                        35                         0   0.5112603029045602E+004   0.0000000000000000E+000   0.1232556767398901E-007
                        2                        36                        36                         0   0.5246751753334273E+004   0.0000000000000000E+000   0.1851721060969811E-007
                        2                        37                        37                         0   0.5378308238554941E+004   0.0000000000000000E+000   0.4196762671461902E-007
                        2                        38                        38                         0   0.5506632781541146E+004   0.0000000000000000E+000   0.4995805147092416E-006
                        2                        39                        39                         0   0.5632377900704013E+004   0.0000000000000000E+000   0.1337989886360690E-006
                        2                        40                        40                         0   0.5757878218684757E+004   0.0000000000000000E+000   0.2328537189337161E-007
                        2                        41                        41                         0   0.5885837077969505E+004   0.0000000000000000E+000   0.1179313849631853E-007
                        2                        42                        42                         0   0.6017076965814284E+004   0.0000000000000000E+000   0.8774503505799732E-008
                        2                        43                        43                         0   0.6150997856300399E+004   0.0000000000000000E+000   0.7744673587790584E-008
                        2                        44                        44                         0   0.6286873773817267E+004   0.0000000000000000E+000   0.7423594362662855E-008
                        2                        45                        45                         0   0.6423960878620700E+004   0.0000000000000000E+000   0.7426827563684244E-008
                        2                        46                        46                         0   0.6561888094436184E+004   0.0000000000000000E+000   0.7600640509494769E-008
                        2                        47                        47                         0   0.6700355436432995E+004   0.0000000000000000E+000   0.7917226787987837E-008
                        2                        48                        48                         0   0.6839137144134739E+004   0.0000000000000000E+000   0.8342282739250854E-008
                        2                        49                        49                         0   0.6978178722800894E+004   0.0000000000000000E+000   0.8890588977710948E-008
                        2                        50                        50                         0   0.7117290460681321E+004   0.0000000000000000E+000   0.9595397709095440E-008
                        2                        51                        51                         0   0.7256463364125426E+004   0.0000000000000000E+000   0.1048536080720839E-007
                        2                        52                        52                         0   0.7395594291035631E+004   0.0000000000000000E+000   0.1166060786560276E-007
                        2                        53                        53                         0   0.7534615658638535E+004   0.0000000000000000E+000   0.1323790657538586E-007
                        2                        54                        54                         0   0.7673517406870758E+004   0.0000000000000000E+000   0.1544350470357301E-007
                        2                        55                        55                         0   0.7812180995565606E+004   0.0000000000000000E+000   0.1870064695955647E-007
                        2                        56                        56                         0   0.7950609657281067E+004   0.0000000000000000E+000   0.2383862853392293E-007
                        2                        57                        57                         0   0.8088711043573835E+004   0.0000000000000000E+000   0.3277898363768726E-007
                        2                        58                        58                         0   0.8226446440539901E+004   0.0000000000000000E+000   0.5070418195467289E-007
                        2                        59                        59                         0   0.8363800352082795E+004   0.0000000000000000E+000   0.9636302684454573E-007
                        3                         5                         5                         0   0.1018797335717253E+004   0.0000000000000000E+000   0.8344174911404869E-005
                        3                         6                         6                         0   0.1165033753533113E+004   0.0000000000000000E+000   0.3615442182269368E-005
                        3                         7                         7                         0   0.1311421943422711E+004   0.0000000000000000E+000   0.1588426524425528E-005
                        3                         8                         8                         0   0.1456040919473304E+004   0.0000000000000000E+000   0.7131881928375938E-006
                        3                         9                         9                         0   0.1597900885074663E+004   0.0000000000000000E+000   0.3206909191335361E-006
                        3                        10                        10                         0   0.1736834876982174E+004   0.0000000000000000E+000   0.1569158505960227E-006
                        3                        11                        11                         0   0.1873088770436749E+004   0.0000000000000000E+000   0.8755956262776642E-007
                        3                        12                        12                         0   0.2009928157426728E+004   0.0000000000000000E+000   0.5469619374152313E-007
                        3                        13                        13                         0   0.2147268365820397E+004   0.0000000000000000E+000   0.3632607967588635E-007
                        3                        14                        14                         0   0.2284356847045286E+004   0.0000000000000000E+000   0.2440835723872540E-007
                        3                        15                        15                         0   0.2420461577985908E+004   0.0000000000000000E+000   0.1723327841877905E-007
                        3                        16                        16                         0   0.2555482149648292E+004   0.0000000000000000E+000   0.1321714683810267E-007
                        3                        17                        17                         0   0.2691269724661747E+004   0.0000000000000000E+000   0.1096425833881399E-007
                        3                        18                        18                         0   0.2827948024953076E+004   0.0000000000000000E+000   0.9563148199544045E-008
                        3                        19                        19                         0   0.2965262369713844E+004   0.0000000000000000E+000   0.8441049896986834E-008
                        3                        20                        20                         0   0.3102881450096392E+004   0.0000000000000000E+000   0.7575849463940872E-008
                        3                        21                        21                         0   0.3240256539357872E+004   0.0000000000000000E+000   0.6953040700479685E-008
                        3                        22                        22                         0   0.3378019710798473E+004   0.0000000000000000E+000   0.6556514587668531E-008
                        3                        23                        23                         0   0.3516065492237307E+004   0.0000000000000000E+000   0.6344429746437909E-008
                        3                        24                        24                         0   0.3654494806965605E+004   0.0000000000000000E+000   0.6205601865618387E-008
                        3                        25                        25                         0   0.3793304420679603E+004   0.0000000000000000E+000   0.6147025004830167E-008
                        3                        26                        26                         0   0.3932148053099040E+004   0.0000000000000000E+000   0.6128640961791828E-008
                        3                        27                        27                         0   0.4071259621920016E+004   0.0000000000000000E+000   0.6154936211164470E-008
                        3                        28                        28                         0   0.4210319984518944E+004   0.0000000000000000E+000   0.6246759407607408E-008
                        3                        29                        29                         0   0.4349427564453717E+004   0.0000000000000000E+000   0.6382195798839564E-008
                        3                        30                        30                         0   0.4488518479166982E+004   0.0000000000000000E+000   0.6603111426852153E-008
                        3                        31                        31                         0   0.4627316651181545E+004   0.0000000000000000E+000   0.6913071047408474E-008
                        3                        32                        32                         0   0.4765726032081480E+004   0.0000000000000000E+000   0.7394658491086011E-008
                        3                        33                        33                         0   0.4902202563473057E+004   0.0000000000000000E+000   0.8416980917961854E-008
                        3                        34                        34                         0   0.5036931376017194E+004   0.0000000000000000E+000   0.1063430884566708E-007
                        3                        35                        35                         0   0.5172314618724211E+004   0.0000000000000000E+000   0.1431983616374514E-007
                        3                        36                        36                         0   0.5305533330759142E+004   0.0000000000000000E+000   0.2461540356216041E-007
                        3                        37                        37                         0   0.5435884216693985E+004   0.0000000000000000E+000   0.8344081240500217E-007
                        3                        38                        38                         0   0.5562989433016001E+004   0.0000000000000000E+000   0.6153065741466974E-005
                        3                        39                        39                         0   0.5688369387466806E+004   0.0000000000000000E+000   0.4821568201271697E-007
                        3                        40                        40                         0   0.5814897452099398E+004   0.0000000000000000E+000   0.1598186318070553E-007
                        3                        41                        41                         0   0.5944435310047949E+004   0.0000000000000000E+000   0.1000523434920792E-007
                        3                        42                        42                         0   0.6077143756689918E+004   0.0000000000000000E+000   0.8166172039195557E-008
                        3                        43                        43                         0   0.6212171100312295E+004   0.0000000000000000E+000   0.7542118119832749E-008
                        3                        44                        44                         0   0.6348775362702998E+004   0.0000000000000000E+000   0.7386287565216583E-008
                        3                        45                        45                         0   0.6486443663302050E+004   0.0000000000000000E+000   0.7481502134153777E-008
                        3                        46                        46                         0   0.6624735212786559E+004   0.0000000000000000E+000   0.7724253657097619E-008
                        3                        47                        47                         0   0.6763511838385729E+004   0.0000000000000000E+000   0.8083850067600958E-008
                        3                        48                        48                         0   0.6902533533329641E+004   0.0000000000000000E+000   0.8572828616845128E-008
                        3                        49                        49                         0   0.7041726248892756E+004   0.0000000000000000E+000   0.9183182805375002E-008
                        3                        50                        50                         0   0.7181006625397858E+004   0.0000000000000000E+000   0.9968272610888065E-008
                        3                        51                        51                         0   0.7320248695855699E+004   0.0000000000000000E+000   0.1097932857650888E-007
                        3                        52                        52                         0   0.7459463576961934E+004   0.0000000000000000E+000   0.1230993031131407E-007
                        3                        53                        53                         0   0.7598522163277546E+004   0.0000000000000000E+000   0.1414391393578459E-007
                        3                        54                        54                         0   0.7737416672301016E+004   0.0000000000000000E+000   0.1676262902286970E-007
                        3                        55                        55                         0   0.7876080601312684E+004   0.0000000000000000E+000   0.2074476228831973E-007
                        3                        56                        56                         0   0.8014436966890541E+004   0.0000000000000000E+000   0.2729099519395145E-007
                        3                        57                        57                         0   0.8152478739192839E+004   0.0000000000000000E+000   0.3936055499002157E-007
                        3                        58                        58                         0   0.8290112479866972E+004   0.0000000000000000E+000   0.6594476639093945E-007
                        3                        59                        59                         0   0.8427351170407819E+004   0.0000000000000000E+000   0.1467176332395004E-006
