                                                                                                                                                                                                                                                                



                        1                         2                         3                         4                         5                         6                         7
                        l                      n_pg                       n_p                       n_g                  Re(freq)                  Im(freq)                    E_norm
                        0                         5                         5                         0   0.1099529034647416E+004   0.0000000000000000E+000   0.7012398603966761E-004
                        0                         6                         6                         0   0.1300621852450950E+004   0.0000000000000000E+000   0.2727356571896688E-004
                        0                         7                         7                         0   0.1498451834481899E+004   0.0000000000000000E+000   0.1184681805817074E-004
                        0                         8                         8                         0   0.1694548942478324E+004   0.0000000000000000E+000   0.5271467998269346E-005
                        0                         9                         9                         0   0.1889844678248277E+004   0.0000000000000000E+000   0.2409763578153395E-005
                        0                        10                        10                         0   0.2081324057123721E+004   0.0000000000000000E+000   0.1115991316173785E-005
                        0                        11                        11                         0   0.2270089318709157E+004   0.0000000000000000E+000   0.5299086698447075E-006
                        0                        12                        12                         0   0.2455463540583410E+004   0.0000000000000000E+000   0.2728689236713202E-006
                        0                        13                        13                         0   0.2638431159968606E+004   0.0000000000000000E+000   0.1531241523020713E-006
                        0                        14                        14                         0   0.2821315983651803E+004   0.0000000000000000E+000   0.9316242714949927E-007
                        0                        15                        15                         0   0.3003792952622209E+004   0.0000000000000000E+000   0.6005186620972937E-007
                        0                        16                        16                         0   0.3185975120887897E+004   0.0000000000000000E+000   0.3969014296573936E-007
                        0                        17                        17                         0   0.3367291923478907E+004   0.0000000000000000E+000   0.2724838410040862E-007
                        0                        18                        18                         0   0.3547189035450823E+004   0.0000000000000000E+000   0.1984449570285264E-007
                        0                        19                        19                         0   0.3727224072963802E+004   0.0000000000000000E+000   0.1541146831188765E-007
                        0                        20                        20                         0   0.3907906758638816E+004   0.0000000000000000E+000   0.1260078886179021E-007
                        0                        21                        21                         0   0.4088976419798777E+004   0.0000000000000000E+000   0.1056774325020029E-007
                        0                        22                        22                         0   0.4270466274316752E+004   0.0000000000000000E+000   0.9053635346502149E-008
                        0                        23                        23                         0   0.4451910278122507E+004   0.0000000000000000E+000   0.7964160365234472E-008
                        0                        24                        24                         0   0.4633590897833253E+004   0.0000000000000000E+000   0.7166018863564346E-008
                        0                        25                        25                         0   0.4815678026186704E+004   0.0000000000000000E+000   0.6605602559807936E-008
                        0                        26                        26                         0   0.4997996496384672E+004   0.0000000000000000E+000   0.6210714151561667E-008
                        0                        27                        27                         0   0.5180867968169629E+004   0.0000000000000000E+000   0.5917294357528304E-008
                        0                        28                        28                         0   0.5364112209654201E+004   0.0000000000000000E+000   0.5699845574812595E-008
                        0                        29                        29                         0   0.5547495610367284E+004   0.0000000000000000E+000   0.5519494608522318E-008
                        0                        30                        30                         0   0.5731112687972789E+004   0.0000000000000000E+000   0.5395850656802477E-008
                        0                        31                        31                         0   0.5914864594542864E+004   0.0000000000000000E+000   0.5328276248212773E-008
                        0                        32                        32                         0   0.6098844552225919E+004   0.0000000000000000E+000   0.5281034455801978E-008
                        0                        33                        33                         0   0.6282895972094182E+004   0.0000000000000000E+000   0.5264344100749356E-008
                        0                        34                        34                         0   0.6466780177020922E+004   0.0000000000000000E+000   0.5281178859568851E-008
                        0                        35                        35                         0   0.6650688277986643E+004   0.0000000000000000E+000   0.5354681774943815E-008
                        0                        36                        36                         0   0.6834477171627705E+004   0.0000000000000000E+000   0.5477554372775284E-008
                        0                        37                        37                         0   0.7017855978376288E+004   0.0000000000000000E+000   0.5654663155931541E-008
                        0                        38                        38                         0   0.7200291020322026E+004   0.0000000000000000E+000   0.5954407937350171E-008
                        0                        39                        39                         0   0.7379233218333797E+004   0.0000000000000000E+000   0.6728564316347873E-008
                        1                         5                         4                         0   0.1195043780243868E+004   0.0000000000000000E+000   0.4499072887669268E-004
                        1                         6                         5                         0   0.1392101691844853E+004   0.0000000000000000E+000   0.1844160355516800E-004
                        1                         7                         6                         0   0.1589817269658308E+004   0.0000000000000000E+000   0.8088871787939079E-005
                        1                         8                         7                         0   0.1784716743389459E+004   0.0000000000000000E+000   0.3694189777301078E-005
                        1                         9                         8                         0   0.1978390064062698E+004   0.0000000000000000E+000   0.1678585029500454E-005
                        1                        10                         9                         0   0.2169158378523090E+004   0.0000000000000000E+000   0.7866018505965665E-006
                        1                        11                        10                         0   0.2355838639983758E+004   0.0000000000000000E+000   0.3860643100421333E-006
                        1                        12                        11                         0   0.2540471311849625E+004   0.0000000000000000E+000   0.2055996515785084E-006
                        1                        13                        12                         0   0.2723392330746932E+004   0.0000000000000000E+000   0.1207196612814635E-006
                        1                        14                        13                         0   0.2906014347567587E+004   0.0000000000000000E+000   0.7544649002883539E-007
                        1                        15                        14                         0   0.3088934921047920E+004   0.0000000000000000E+000   0.4925046873207095E-007
                        1                        16                        15                         0   0.3270762577003821E+004   0.0000000000000000E+000   0.3312998026021004E-007
                        1                        17                        16                         0   0.3451536566082686E+004   0.0000000000000000E+000   0.2323143296736762E-007
                        1                        18                        17                         0   0.3631674973343950E+004   0.0000000000000000E+000   0.1748648765325149E-007
                        1                        19                        18                         0   0.3811946040130430E+004   0.0000000000000000E+000   0.1395316240529869E-007
                        1                        20                        19                         0   0.3993140163845516E+004   0.0000000000000000E+000   0.1154328412626242E-007
                        1                        21                        20                         0   0.4174614103147713E+004   0.0000000000000000E+000   0.9797982963116169E-008
                        1                        22                        21                         0   0.4356123052849618E+004   0.0000000000000000E+000   0.8484262724484835E-008
                        1                        23                        22                         0   0.4537945191981592E+004   0.0000000000000000E+000   0.7546186693456156E-008
                        1                        24                        23                         0   0.4719857062080482E+004   0.0000000000000000E+000   0.6876279815255096E-008
                        1                        25                        24                         0   0.4902171782875153E+004   0.0000000000000000E+000   0.6392023808963264E-008
                        1                        26                        25                         0   0.5084950115358266E+004   0.0000000000000000E+000   0.6059294062530768E-008
                        1                        27                        26                         0   0.5268037717013077E+004   0.0000000000000000E+000   0.5806300037330931E-008
                        1                        28                        27                         0   0.5451561036389809E+004   0.0000000000000000E+000   0.5602624219593700E-008
                        1                        29                        28                         0   0.5635150901478087E+004   0.0000000000000000E+000   0.5454492104982485E-008
                        1                        30                        29                         0   0.5818883751691376E+004   0.0000000000000000E+000   0.5354256542385340E-008
                        1                        31                        30                         0   0.6002940910378888E+004   0.0000000000000000E+000   0.5302016243348189E-008
                        1                        32                        31                         0   0.6187013113031446E+004   0.0000000000000000E+000   0.5269344083049216E-008
                        1                        33                        32                         0   0.6371104866693265E+004   0.0000000000000000E+000   0.5264254582784815E-008
                        1                        34                        33                         0   0.6555103870476843E+004   0.0000000000000000E+000   0.5311640537068829E-008
                        1                        35                        34                         0   0.6739005118969703E+004   0.0000000000000000E+000   0.5406848833871058E-008
                        1                        36                        35                         0   0.6922786359175153E+004   0.0000000000000000E+000   0.5554037121685560E-008
                        1                        37                        36                         0   0.7105866151221210E+004   0.0000000000000000E+000   0.5776904640979786E-008
                        1                        38                        37                         0   0.7287354189745075E+004   0.0000000000000000E+000   0.6208668758698950E-008
                        2                         4                         4                         0   0.1077901758277372E+004   0.0000000000000000E+000   0.7779129805330808E-004
                        2                         5                         5                         0   0.1278661726538420E+004   0.0000000000000000E+000   0.3027611658886580E-004
                        2                         6                         6                         0   0.1475518997040569E+004   0.0000000000000000E+000   0.1305409996092708E-004
                        2                         7                         7                         0   0.1671931924157503E+004   0.0000000000000000E+000   0.5770185446321038E-005
                        2                         8                         8                         0   0.1867288157288492E+004   0.0000000000000000E+000   0.2642146369528358E-005
                        2                         9                         9                         0   0.2059342063023505E+004   0.0000000000000000E+000   0.1214806660393381E-005
                        2                        10                        10                         0   0.2249056484553997E+004   0.0000000000000000E+000   0.5731633593064253E-006
                        2                        11                        11                         0   0.2435016516148648E+004   0.0000000000000000E+000   0.2919475792441612E-006
                        2                        12                        12                         0   0.2618737317475606E+004   0.0000000000000000E+000   0.1616186761314694E-006
                        2                        13                        13                         0   0.2802187107013972E+004   0.0000000000000000E+000   0.9761338123915694E-007
                        2                        14                        14                         0   0.2985116844558696E+004   0.0000000000000000E+000   0.6252885231083573E-007
                        2                        15                        15                         0   0.3167995458038433E+004   0.0000000000000000E+000   0.4115464844583962E-007
                        2                        16                        16                         0   0.3349917649836687E+004   0.0000000000000000E+000   0.2812695520432750E-007
                        2                        17                        17                         0   0.3530382193298060E+004   0.0000000000000000E+000   0.2031836615691250E-007
                        2                        18                        18                         0   0.3710924887075271E+004   0.0000000000000000E+000   0.1568813268070377E-007
                        2                        19                        19                         0   0.3891973627040466E+004   0.0000000000000000E+000   0.1278125374817546E-007
                        2                        20                        20                         0   0.4073497146513967E+004   0.0000000000000000E+000   0.1068869630287813E-007
                        2                        21                        21                         0   0.4255441694744105E+004   0.0000000000000000E+000   0.9142116438211252E-008
                        2                        22                        22                         0   0.4437276719444083E+004   0.0000000000000000E+000   0.8021571725954239E-008
                        2                        23                        23                         0   0.4619383147943867E+004   0.0000000000000000E+000   0.7202717739806560E-008
                        2                        24                        24                         0   0.4801828923154754E+004   0.0000000000000000E+000   0.6629704022085142E-008
                        2                        25                        25                         0   0.4984489981984826E+004   0.0000000000000000E+000   0.6222761103235583E-008
                        2                        26                        26                         0   0.5167714729843460E+004   0.0000000000000000E+000   0.5924763795667844E-008
                        2                        27                        27                         0   0.5351267118096858E+004   0.0000000000000000E+000   0.5704621590156745E-008
                        2                        28                        28                         0   0.5534989191474398E+004   0.0000000000000000E+000   0.5520450899790208E-008
                        2                        29                        29                         0   0.5718920034231870E+004   0.0000000000000000E+000   0.5394696260040979E-008
                        2                        30                        30                         0   0.5902952476738092E+004   0.0000000000000000E+000   0.5323805677802669E-008
                        2                        31                        31                         0   0.6087235934380519E+004   0.0000000000000000E+000   0.5275964348596087E-008
                        2                        32                        32                         0   0.6271565160248653E+004   0.0000000000000000E+000   0.5258170859248307E-008
                        2                        33                        33                         0   0.6455727504773474E+004   0.0000000000000000E+000   0.5272014844294641E-008
                        2                        34                        34                         0   0.6639904096767653E+004   0.0000000000000000E+000   0.5343459347287202E-008
                        2                        35                        35                         0   0.6823941884155262E+004   0.0000000000000000E+000   0.5463597808623945E-008
                        2                        36                        36                         0   0.7007600908979588E+004   0.0000000000000000E+000   0.5637082713307095E-008
                        2                        37                        37                         0   0.7190341133330930E+004   0.0000000000000000E+000   0.5926916182962145E-008
                        2                        38                        38                         0   0.7369925580393142E+004   0.0000000000000000E+000   0.6639834623550628E-008
                        3                         4                         4                         0   0.1152005512556542E+004   0.0000000000000000E+000   0.5455768458316846E-004
                        3                         5                         5                         0   0.1351853932770079E+004   0.0000000000000000E+000   0.2171169248882973E-004
                        3                         6                         6                         0   0.1550448969454590E+004   0.0000000000000000E+000   0.9502378831273998E-005
                        3                         7                         7                         0   0.1746366220606852E+004   0.0000000000000000E+000   0.4277558442272051E-005
                        3                         8                         8                         0   0.1941787496431457E+004   0.0000000000000000E+000   0.1938980091479515E-005
                        3                         9                         9                         0   0.2133649673583077E+004   0.0000000000000000E+000   0.9020755888390545E-006
                        3                        10                        10                         0   0.2322033118837993E+004   0.0000000000000000E+000   0.4341139221356972E-006
                        3                        11                        11                         0   0.2507962036321811E+004   0.0000000000000000E+000   0.2274560928996888E-006
                        3                        12                        12                         0   0.2691687849708197E+004   0.0000000000000000E+000   0.1310614851701761E-006
                        3                        13                        13                         0   0.2875377604128690E+004   0.0000000000000000E+000   0.8087044729083927E-007
                        3                        14                        14                         0   0.3059123159598413E+004   0.0000000000000000E+000   0.5251525081660431E-007
                        3                        15                        15                         0   0.3241940539639047E+004   0.0000000000000000E+000   0.3502583201426794E-007
                        3                        16                        16                         0   0.3423829510210594E+004   0.0000000000000000E+000   0.2432182973979865E-007
                        3                        17                        17                         0   0.3604689129843951E+004   0.0000000000000000E+000   0.1810262302244899E-007
                        3                        18                        18                         0   0.3785670629694489E+004   0.0000000000000000E+000   0.1430910377002123E-007
                        3                        19                        19                         0   0.3967560698581460E+004   0.0000000000000000E+000   0.1179360224739732E-007
                        3                        20                        20                         0   0.4149662093707963E+004   0.0000000000000000E+000   0.9973067995811264E-008
                        3                        21                        21                         0   0.4331912556408964E+004   0.0000000000000000E+000   0.8601012728486617E-008
                        3                        22                        22                         0   0.4514353160068355E+004   0.0000000000000000E+000   0.7626989919241450E-008
                        3                        23                        23                         0   0.4696854433702389E+004   0.0000000000000000E+000   0.6924395045066055E-008
                        3                        24                        24                         0   0.4879785306808327E+004   0.0000000000000000E+000   0.6421253649012680E-008
                        3                        25                        25                         0   0.5063070923058583E+004   0.0000000000000000E+000   0.6076731880818527E-008
                        3                        26                        26                         0   0.5246700228464071E+004   0.0000000000000000E+000   0.5813759463981872E-008
                        3                        27                        27                         0   0.5430760032056307E+004   0.0000000000000000E+000   0.5608109685567827E-008
                        3                        28                        28                         0   0.5614840514866790E+004   0.0000000000000000E+000   0.5453345875041149E-008
                        3                        29                        29                         0   0.5799080505259917E+004   0.0000000000000000E+000   0.5347471878404561E-008
                        3                        30                        30                         0   0.5983586692834666E+004   0.0000000000000000E+000   0.5294219050242900E-008
                        3                        31                        31                         0   0.6168115748511478E+004   0.0000000000000000E+000   0.5258215396631722E-008
                        3                        32                        32                         0   0.6352679025305739E+004   0.0000000000000000E+000   0.5250986755414552E-008
                        3                        33                        33                         0   0.6537092782124196E+004   0.0000000000000000E+000   0.5292483112066245E-008
                        3                        34                        34                         0   0.6721421742092809E+004   0.0000000000000000E+000   0.5383432481889042E-008
                        3                        35                        35                         0   0.6905629852169379E+004   0.0000000000000000E+000   0.5526531519149388E-008
                        3                        36                        36                         0   0.7089159619532831E+004   0.0000000000000000E+000   0.5739482207544991E-008
                        3                        37                        37                         0   0.7271247079052032E+004   0.0000000000000000E+000   0.6139854275282855E-008
