                                                                                                                                                                                                                                                                



                        1                         2                         3                         4                         5                         6                         7
                        l                      n_pg                       n_p                       n_g                  Re(freq)                  Im(freq)                    E_norm
                        0                         8                         8                         0   0.1091189720661118E+004   0.0000000000000000E+000   0.1555226864182934E-005
                        0                         9                         9                         0   0.1214028486599967E+004   0.0000000000000000E+000   0.6518669476242683E-006
                        0                        10                        10                         0   0.1333304353335625E+004   0.0000000000000000E+000   0.2859727951014720E-006
                        0                        11                        11                         0   0.1450250655649045E+004   0.0000000000000000E+000   0.1409064312719467E-006
                        0                        12                        12                         0   0.1566169704111932E+004   0.0000000000000000E+000   0.8129079980112896E-007
                        0                        13                        13                         0   0.1682512551634966E+004   0.0000000000000000E+000   0.5088801450044593E-007
                        0                        14                        14                         0   0.1799268562811330E+004   0.0000000000000000E+000   0.3292546308246952E-007
                        0                        15                        15                         0   0.1914742062641312E+004   0.0000000000000000E+000   0.2236035050483645E-007
                        0                        16                        16                         0   0.2029470447876559E+004   0.0000000000000000E+000   0.1652208248691973E-007
                        0                        17                        17                         0   0.2144743084922445E+004   0.0000000000000000E+000   0.1342491825474943E-007
                        0                        18                        18                         0   0.2260734641041153E+004   0.0000000000000000E+000   0.1146540948974522E-007
                        0                        19                        19                         0   0.2377435276336834E+004   0.0000000000000000E+000   0.9964347218215578E-008
                        0                        20                        20                         0   0.2494189582496293E+004   0.0000000000000000E+000   0.8875408553707445E-008
                        0                        21                        21                         0   0.2610915848841677E+004   0.0000000000000000E+000   0.8136605870941498E-008
                        0                        22                        22                         0   0.2728120170880367E+004   0.0000000000000000E+000   0.7705860872555717E-008
                        0                        23                        23                         0   0.2845640825110742E+004   0.0000000000000000E+000   0.7473255619056081E-008
                        0                        24                        24                         0   0.2963542421780236E+004   0.0000000000000000E+000   0.7325211782279681E-008
                        0                        25                        25                         0   0.3081747651548925E+004   0.0000000000000000E+000   0.7273488814092729E-008
                        0                        26                        26                         0   0.3200005791467844E+004   0.0000000000000000E+000   0.7287357908740682E-008
                        0                        27                        27                         0   0.3318471067200972E+004   0.0000000000000000E+000   0.7367256993001087E-008
                        0                        28                        28                         0   0.3436924206193497E+004   0.0000000000000000E+000   0.7548324074833380E-008
                        0                        29                        29                         0   0.3555309509975732E+004   0.0000000000000000E+000   0.7820024564328251E-008
                        0                        30                        30                         0   0.3673588883012575E+004   0.0000000000000000E+000   0.8248474575570904E-008
                        0                        31                        31                         0   0.3791158655599107E+004   0.0000000000000000E+000   0.8973604442420500E-008
                        1                         7                         6                         0   0.1022471672049355E+004   0.0000000000000000E+000   0.2535336973095543E-005
                        1                         8                         7                         0   0.1145856968484062E+004   0.0000000000000000E+000   0.1059564490642407E-005
                        1                         9                         8                         0   0.1267549177843187E+004   0.0000000000000000E+000   0.4443036392032903E-006
                        1                        10                         9                         0   0.1386016503309767E+004   0.0000000000000000E+000   0.2044362811218367E-006
                        1                        11                        10                         0   0.1502159010679118E+004   0.0000000000000000E+000   0.1081027582178874E-006
                        1                        12                        11                         0   0.1618795734392399E+004   0.0000000000000000E+000   0.6500582584373147E-007
                        1                        13                        12                         0   0.1735737383771985E+004   0.0000000000000000E+000   0.4160150571118620E-007
                        1                        14                        13                         0   0.1852221166932249E+004   0.0000000000000000E+000   0.2722904669927180E-007
                        1                        15                        14                         0   0.1967760852418126E+004   0.0000000000000000E+000   0.1913635441262245E-007
                        1                        16                        15                         0   0.2082784107422585E+004   0.0000000000000000E+000   0.1485193174241273E-007
                        1                        17                        16                         0   0.2198747675106211E+004   0.0000000000000000E+000   0.1237072602920792E-007
                        1                        18                        17                         0   0.2315559996443094E+004   0.0000000000000000E+000   0.1069393812266035E-007
                        1                        19                        18                         0   0.2432493303655299E+004   0.0000000000000000E+000   0.9383114244509420E-008
                        1                        20                        19                         0   0.2549605982008405E+004   0.0000000000000000E+000   0.8449064811996024E-008
                        1                        21                        20                         0   0.2666795594212553E+004   0.0000000000000000E+000   0.7892262479213606E-008
                        1                        22                        21                         0   0.2784368695101759E+004   0.0000000000000000E+000   0.7556342305055370E-008
                        1                        23                        22                         0   0.2902445708803321E+004   0.0000000000000000E+000   0.7374618111578236E-008
                        1                        24                        23                         0   0.3020666520093619E+004   0.0000000000000000E+000   0.7283790916377915E-008
                        1                        25                        24                         0   0.3139161223955238E+004   0.0000000000000000E+000   0.7252498864183082E-008
                        1                        26                        25                         0   0.3257763932441440E+004   0.0000000000000000E+000   0.7310299512822831E-008
                        1                        27                        26                         0   0.3376343586940065E+004   0.0000000000000000E+000   0.7434196267900126E-008
                        1                        28                        27                         0   0.3495019841737681E+004   0.0000000000000000E+000   0.7653093048805101E-008
                        1                        29                        28                         0   0.3613494720984145E+004   0.0000000000000000E+000   0.8003965329727937E-008
                        1                        30                        29                         0   0.3731636906053083E+004   0.0000000000000000E+000   0.8537198287796174E-008
                        1                        31                        30                         0   0.3848500400236890E+004   0.0000000000000000E+000   0.9626527439380377E-008
                        2                         7                         7                         0   0.1081034546681766E+004   0.0000000000000000E+000   0.1666689929592621E-005
                        2                         8                         8                         0   0.1204160447584843E+004   0.0000000000000000E+000   0.6991266712010155E-006
                        2                         9                         9                         0   0.1323868219238893E+004   0.0000000000000000E+000   0.3036464964014543E-006
                        2                        10                        10                         0   0.1441216831918213E+004   0.0000000000000000E+000   0.1478340275648403E-006
                        2                        11                        11                         0   0.1557253230812092E+004   0.0000000000000000E+000   0.8432676257699761E-007
                        2                        12                        12                         0   0.1673856888934591E+004   0.0000000000000000E+000   0.5244481031465124E-007
                        2                        13                        13                         0   0.1790950093399133E+004   0.0000000000000000E+000   0.3386199862426639E-007
                        2                        14                        14                         0   0.1906795947060210E+004   0.0000000000000000E+000   0.2284366215887404E-007
                        2                        15                        15                         0   0.2021922646545562E+004   0.0000000000000000E+000   0.1674546529800295E-007
                        2                        16                        16                         0   0.2137473371320193E+004   0.0000000000000000E+000   0.1353913833747931E-007
                        2                        17                        17                         0   0.2253775002081111E+004   0.0000000000000000E+000   0.1152700305219009E-007
                        2                        18                        18                         0   0.2370855710806213E+004   0.0000000000000000E+000   0.1000756397482005E-007
                        2                        19                        19                         0   0.2487959506453446E+004   0.0000000000000000E+000   0.8898583870015805E-008
                        2                        20                        20                         0   0.2605055005029091E+004   0.0000000000000000E+000   0.8138743411498499E-008
                        2                        21                        21                         0   0.2722602436692298E+004   0.0000000000000000E+000   0.7699497146053601E-008
                        2                        22                        22                         0   0.2840447045744534E+004   0.0000000000000000E+000   0.7459652460140476E-008
                        2                        23                        23                         0   0.2958695283017336E+004   0.0000000000000000E+000   0.7308531771241511E-008
                        2                        24                        24                         0   0.3077218473045538E+004   0.0000000000000000E+000   0.7256091707675448E-008
                        2                        25                        25                         0   0.3195793257481953E+004   0.0000000000000000E+000   0.7266735111140122E-008
                        2                        26                        26                         0   0.3314568299847996E+004   0.0000000000000000E+000   0.7346073143083416E-008
                        2                        27                        27                         0   0.3433303488895201E+004   0.0000000000000000E+000   0.7525065770921052E-008
                        2                        28                        28                         0   0.3551972503293557E+004   0.0000000000000000E+000   0.7793647165811155E-008
                        2                        29                        29                         0   0.3670517380883889E+004   0.0000000000000000E+000   0.8219021754224575E-008
                        2                        30                        30                         0   0.3788351842655462E+004   0.0000000000000000E+000   0.8933111405635645E-008
                        3                         6                         6                         0   0.1004664363271297E+004   0.0000000000000000E+000   0.2859804751483442E-005
                        3                         7                         7                         0   0.1129131800014218E+004   0.0000000000000000E+000   0.1183171696373828E-005
                        3                         8                         8                         0   0.1252029795239194E+004   0.0000000000000000E+000   0.4933181164545617E-006
                        3                         9                         9                         0   0.1371233994019997E+004   0.0000000000000000E+000   0.2231957867319903E-006
                        3                        10                        10                         0   0.1488044802879168E+004   0.0000000000000000E+000   0.1152886626166260E-006
                        3                        11                        11                         0   0.1604985252158030E+004   0.0000000000000000E+000   0.6858657042556813E-007
                        3                        12                        12                         0   0.1722181895992322E+004   0.0000000000000000E+000   0.4362419207871678E-007
                        3                        13                        13                         0   0.1839221072624517E+004   0.0000000000000000E+000   0.2838138390262971E-007
                        3                        14                        14                         0   0.1955174302985164E+004   0.0000000000000000E+000   0.1975333238275140E-007
                        3                        15                        15                         0   0.2070495305854346E+004   0.0000000000000000E+000   0.1514021598468399E-007
                        3                        16                        16                         0   0.2186764616654037E+004   0.0000000000000000E+000   0.1253826223082962E-007
                        3                        17                        17                         0   0.2303837474284914E+004   0.0000000000000000E+000   0.1081470243810040E-007
                        3                        18                        18                         0   0.2421155625399925E+004   0.0000000000000000E+000   0.9459002703058247E-008
                        3                        19                        19                         0   0.2538652272152703E+004   0.0000000000000000E+000   0.8495374538783936E-008
                        3                        20                        20                         0   0.2656157102615059E+004   0.0000000000000000E+000   0.7907117738308204E-008
                        3                        21                        21                         0   0.2774092840767060E+004   0.0000000000000000E+000   0.7552832631440992E-008
                        3                        22                        22                         0   0.2892498352266295E+004   0.0000000000000000E+000   0.7366043580624950E-008
                        3                        23                        23                         0   0.3011060598202279E+004   0.0000000000000000E+000   0.7265184228794253E-008
                        3                        24                        24                         0   0.3129924373751737E+004   0.0000000000000000E+000   0.7230274604958159E-008
                        3                        25                        25                         0   0.3248857912092729E+004   0.0000000000000000E+000   0.7283450195691670E-008
                        3                        26                        26                         0   0.3367799576935834E+004   0.0000000000000000E+000   0.7399185354531279E-008
                        3                        27                        27                         0   0.3486825915236647E+004   0.0000000000000000E+000   0.7613867715203277E-008
                        3                        28                        28                         0   0.3605638739960913E+004   0.0000000000000000E+000   0.7954134305136497E-008
                        3                        29                        29                         0   0.3724159340291767E+004   0.0000000000000000E+000   0.8470703913386092E-008
                        3                        30                        30                         0   0.3841509228768911E+004   0.0000000000000000E+000   0.9492889806540185E-008
